-0.0144958   -0.00869745   0.000285773
-0.0144958   -0.00869745   0.000285773
-0.0144958   -0.00869745   0.000285773
-0.0144958   -0.00869745   0.000285773
-0.0144958   -0.00869745   0.000285773
-0.0144958   -0.00869745   0.000285773
-0.0144958   -0.00869745   0.000285773
-0.0144958   -0.00869745   0.000285773
-0.0144958   -0.00869745   0.000285773
-0.0144958   -0.00869745   0.000285773
-0.0144958   -0.00869745   0.000285773
-0.0144958   -0.00869745   0.000285773
-0.0144958   -0.00869745   0.000285773
-0.0144958   -0.00869745   0.000285773
-0.0144958   -0.00869745   0.000285773
-0.0144958   -0.00869745   0.000285773
-0.0144958   -0.00869745   0.000285773
-0.0144958   -0.00869745   0.000285773
-0.0144958   -0.00869745   0.000285773
-0.0144958   -0.00869745   0.000285773
-0.0144958   -0.00869745   0.000285773
-0.0144958   -0.00869745   0.000285773
-0.0144958   -0.00869745   0.000285773
-0.0144958   -0.00869745   0.000285773
-0.0144958   -0.00869745   0.000285773
-0.0144958   -0.00869745   0.000285773
-0.0144958   -0.00869745   0.000285773
-0.0144958   -0.00869745   0.000285773
-0.0144958   -0.00869745   0.000285773
-0.0144958   -0.00869745   0.000285773
-0.0144958   -0.00869745   0.000285773
-0.0144958   -0.00869745   0.000285773
-0.0144958   -0.00869745   0.000285773
-0.0144958   -0.00869745   0.000285773
-0.0144958   -0.00869745   0.000285773
-0.0144958   -0.00869745   0.000285773
-0.0144958   -0.00869745   0.000285773
-0.0144958   -0.00869745   0.000285773
-0.0144958   -0.00869745   0.000285773
-0.0144958   -0.00869745   0.000285773
0.0026541   0.00159246   9.5802e-006
0.0026541   0.00159246   9.5802e-006
0.0026541   0.00159246   9.5802e-006
0.0026541   0.00159246   9.5802e-006
0.0026541   0.00159246   9.5802e-006
0.0026541   0.00159246   9.5802e-006
0.0026541   0.00159246   9.5802e-006
0.0026541   0.00159246   9.5802e-006
0.0026541   0.00159246   9.5802e-006
0.0026541   0.00159246   9.5802e-006
0.0026541   0.00159246   9.5802e-006
0.0026541   0.00159246   9.5802e-006
0.0026541   0.00159246   9.5802e-006
0.0026541   0.00159246   9.5802e-006
0.0026541   0.00159246   9.5802e-006
0.0026541   0.00159246   9.5802e-006
0.0026541   0.00159246   9.5802e-006
0.0026541   0.00159246   9.5802e-006
0.0026541   0.00159246   9.5802e-006
0.0026541   0.00159246   9.5802e-006
0.328501   0.197101   0.146762
0.0283789   0.0170273   0.00109529
8.16243e-005   4.89746e-005   9.06104e-009
8.16243e-005   4.89746e-005   9.06104e-009
8.16243e-005   4.89746e-005   9.06104e-009
8.16243e-005   4.89746e-005   9.06104e-009
8.16243e-005   4.89746e-005   9.06104e-009
8.16243e-005   4.89746e-005   9.06104e-009
8.16243e-005   4.89746e-005   9.06104e-009
8.16243e-005   4.89746e-005   9.06104e-009
8.16243e-005   4.89746e-005   9.06104e-009
8.16243e-005   4.89746e-005   9.06104e-009
8.16243e-005   4.89746e-005   9.06104e-009
8.16243e-005   4.89746e-005   9.06104e-009
8.16243e-005   4.89746e-005   9.06104e-009
8.16243e-005   4.89746e-005   9.06104e-009
8.16243e-005   4.89746e-005   9.06104e-009
8.16243e-005   4.89746e-005   9.06104e-009
8.16243e-005   4.89746e-005   9.06104e-009
8.16243e-005   4.89746e-005   9.06104e-009
0.801417   0.586161   0.354258
0.823991   0.622216   0.352973
0.829747   0.631566   0.352905
0.83056   0.632893   0.352904
0.830623   0.632994   0.352904
0.830625   0.632999   0.352904
0.830625   0.632999   0.352904
0.830625   0.632999   0.352904
0.830625   0.632999   0.352904
0.830625   0.632999   0.352904
0.830625   0.632999   0.352904
0.830625   0.632999   0.352904
0.830625   0.632999   0.352904
0.830625   0.632999   0.352904
0.830625   0.632999   0.352904
0.830625   0.632999   0.352904
0.830625   0.632999   0.352904
0.830625   0.632999   0.352904
0.830625   0.632999   0.352904
0.830625   0.632999   0.352904
